
   Summary motif results
   =====================
mfinder Version 1.20

MOTIF FINDER RESULTS:

	Network name: data\network_R01_mfinder_dens10.tsv
	Network type: Directed
	Num of Nodes: 63 Num of Edges: 404
	Num of Nodes with edges: 63
	Maximal out degree (out-hub) : 19
	Maximal in degree (in-hub) : 22
	Roots num: 10 Leaves num: 2
	Single Edges num: 348 Mutual Edges num: 26

	Motif size searched  4
	Total number of 4-node subgraphs : 42779
	Number of random networks generated : 500
	Random networks generation method: Switches
	Num of Switches range: 100.0-200.0, Success switches Ratio:0.436+-0.01

The following motifs were found:

Criteria taken : Nreal Zscore > 2.00
                 Pval ignored (due to small number of random networks)
                 Mfactor > 1.10
                 Uniqueness >= 4


	Top Motifs List

MOTIF	NREAL	NRAND		NREAL	NREAL	UNIQ	CREAL
ID		STATS		ZSCORE	PVAL	VAL	[MILI]	

206	203	145.8+-18.3	3.13	0.000	8	4.74

0 1 1 1 
0 0 1 1 
0 0 0 0 
0 0 0 0 

904	424	258.1+-31.3	5.30	0.000	8	9.91

0 0 0 1 
0 0 0 1 
1 1 0 0 
0 0 0 0 

906	120	77.0+-14.8	2.90	0.004	5	2.80

0 1 0 1 
0 0 0 1 
1 1 0 0 
0 0 0 0 

2252	408	283.9+-34.0	3.66	0.000	7	9.54

0 0 1 1 
0 0 1 1 
0 0 0 1 
0 0 0 0 

2254	134	47.3+-10.7	8.09	0.000	5	3.13

0 1 1 1 
0 0 1 1 
0 0 0 1 
0 0 0 0 

2270	111	8.4+-4.4	23.49	0.000	4	2.59

0 1 1 1 
1 0 1 1 
0 0 0 1 
0 0 0 0 

2458	163	53.5+-13.7	8.01	0.000	4	3.81

0 1 0 1 
1 0 0 1 
1 0 0 1 
0 0 0 0 



	(Total No. of non-dangling motifs : 8)



	Full list includes 15 motifs
MOTIF	NREAL	NRAND		NREAL	NREAL	UNIQ	CREAL
ID		STATS		ZSCORE	PVAL	VAL	[MILI]	

206	203	145.8+-18.3	3.13	0.000	8	4.74

0 1 1 1 
0 0 1 1 
0 0 0 0 
0 0 0 0 

344	641	469.7+-33.1	5.18	0.000	7	14.98

0 0 0 1 
1 0 1 0 
1 0 0 0 
0 0 0 0 

392	5745	5020.0+-215.8	3.36	0.000	12	134.28

0 0 0 1 
0 0 0 1 
1 0 0 0 
0 0 0 0 

394	379	279.7+-32.7	3.04	0.002	7	8.86

0 1 0 1 
0 0 0 1 
1 0 0 0 
0 0 0 0 

410	194	127.7+-29.0	2.29	0.012	4	4.53

0 1 0 1 
1 0 0 1 
1 0 0 0 
0 0 0 0 

856	179	51.9+-12.6	10.07	0.000	4	4.18

0 0 0 1 
1 0 1 0 
1 1 0 0 
0 0 0 0 

904	424	258.1+-31.3	5.30	0.000	8	9.91

0 0 0 1 
0 0 0 1 
1 1 0 0 
0 0 0 0 

906	120	77.0+-14.8	2.90	0.004	5	2.80

0 1 0 1 
0 0 0 1 
1 1 0 0 
0 0 0 0 

2202	434	253.9+-46.4	3.88	0.000	4	10.14

0 1 0 1 
1 0 0 1 
0 0 0 1 
0 0 0 0 

2204	147	112.9+-17.0	2.01	0.036	5	3.44

0 0 1 1 
1 0 0 1 
0 0 0 1 
0 0 0 0 

2252	408	283.9+-34.0	3.66	0.000	7	9.54

0 0 1 1 
0 0 1 1 
0 0 0 1 
0 0 0 0 

2254	134	47.3+-10.7	8.09	0.000	5	3.13

0 1 1 1 
0 0 1 1 
0 0 0 1 
0 0 0 0 

2270	111	8.4+-4.4	23.49	0.000	4	2.59

0 1 1 1 
1 0 1 1 
0 0 0 1 
0 0 0 0 

2458	163	53.5+-13.7	8.01	0.000	4	3.81

0 1 0 1 
1 0 0 1 
1 0 0 1 
0 0 0 0 

4436	379	188.2+-41.1	4.64	0.000	5	8.86

0 0 1 0 
1 0 1 0 
1 0 0 0 
1 0 0 0 




Full list of subgraphs size 4 ids:

	( Total num of different subgraphs size 4 is : 199 )

MOTIF	NREAL	NRAND		NREAL	NREAL	CREAL	UNIQ
ID		STATS		ZSCORE	PVAL	[MILI]	
14	2043	2122.3+-96.0	-0.83	0.794	47.75	9

28	618	1017.6+-61.5	-6.50	1.000	14.45	7

30	103	536.4+-53.8	-8.06	1.000	2.41	4

74	3567	3740.4+-152.3	-1.14	0.876	83.38	9

76	7988	11476.0+-263.9	-13.22	1.000	186.71	10

78	1594	1751.3+-55.7	-2.82	0.996	37.26	9

90	51	417.2+-56.2	-6.51	1.000	1.19	3

92	547	631.5+-38.0	-2.22	0.978	12.79	9

94	368	297.7+-38.8	1.81	0.034	8.60	3

204	517	867.7+-73.4	-4.78	1.000	12.08	8

206	203	145.8+-18.3	3.13	0.000	4.74	8

222	178	25.5+-9.4	16.17	0.000	4.16	3

280	2210	2289.7+-122.1	-0.65	0.752	51.66	10

282	124	414.9+-43.2	-6.73	1.000	2.90	4

286	3	180.2+-30.7	-5.77	1.000	0.07	1

328	1552	1674.8+-106.8	-1.15	0.874	36.28	9

330	57	95.4+-26.7	-1.44	0.938	1.33	2

332	181	813.1+-88.3	-7.16	1.000	4.23	4

334	16	101.0+-24.8	-3.43	1.000	0.37	2

344	641	469.7+-33.1	5.18	0.000	14.98	7

346	12	41.6+-13.0	-2.27	0.998	0.28	3

348	79	77.2+-19.5	0.09	0.462	1.85	4

350	29	76.2+-21.6	-2.18	0.994	0.68	3

390	279	389.0+-43.4	-2.53	0.994	6.52	4

392	5745	5020.0+-215.8	3.36	0.000	134.28	12

394	379	279.7+-32.7	3.04	0.002	8.86	7

396	490	1257.8+-75.2	-10.21	1.000	11.45	4

398	41	143.4+-22.3	-4.58	1.000	0.96	3

404	511	769.7+-55.4	-4.67	1.000	11.94	6

406	0	261.7+-40.0	-6.55	1.000	0.00	0

408	1063	1410.9+-68.4	-5.09	1.000	24.85	8

410	194	127.7+-29.0	2.29	0.012	4.53	4

412	58	125.8+-21.2	-3.20	1.000	1.36	4

414	6	91.5+-19.6	-4.35	1.000	0.14	1

454	12	42.6+-12.9	-2.37	0.996	0.28	3

456	289	512.9+-38.4	-5.83	1.000	6.76	6

458	11	15.6+-5.9	-0.78	0.802	0.26	2

460	44	246.7+-31.1	-6.52	1.000	1.03	4

462	4	16.2+-6.1	-2.00	0.994	0.09	2

468	135	102.0+-29.4	1.12	0.140	3.16	4

470	27	75.0+-20.1	-2.39	0.992	0.63	2

472	135	216.2+-23.7	-3.42	1.000	3.16	7

474	8	15.5+-6.2	-1.22	0.924	0.19	2

476	50	35.6+-11.6	1.25	0.114	1.17	4

478	66	25.9+-8.5	4.69	0.000	1.54	2

856	179	51.9+-12.6	10.07	0.000	4.18	4

858	18	28.1+-11.5	-0.87	0.824	0.42	1

862	94	112.1+-29.1	-0.62	0.732	2.20	2

904	424	258.1+-31.3	5.30	0.000	9.91	8

906	120	77.0+-14.8	2.90	0.004	2.80	5

908	17	110.3+-19.0	-4.92	1.000	0.40	3

910	63	36.0+-8.8	3.06	0.004	1.47	2

922	44	6.0+-3.3	11.62	0.000	1.03	3

924	2	6.7+-3.5	-1.37	0.960	0.05	1

926	25	9.7+-4.8	3.19	0.004	0.58	3

972	0	31.4+-9.2	-3.42	1.000	0.00	0

974	5	9.5+-5.1	-0.88	0.854	0.12	1

990	41	38.1+-11.6	0.25	0.372	0.96	2

2184	2925	3551.7+-136.7	-4.59	1.000	68.37	12

2186	1895	2107.0+-83.4	-2.54	0.992	44.29	9

2190	168	159.0+-20.8	0.43	0.314	3.93	7

2202	434	253.9+-46.4	3.88	0.000	10.14	4

2204	147	112.9+-17.0	2.01	0.036	3.44	5

2206	68	54.0+-11.9	1.17	0.134	1.59	2

2252	408	283.9+-34.0	3.66	0.000	9.54	7

2254	134	47.3+-10.7	8.09	0.000	3.13	5

2270	111	8.4+-4.4	23.49	0.000	2.59	4

2458	163	53.5+-13.7	8.01	0.000	3.81	4

2462	0	14.9+-6.4	-2.32	1.000	0.00	0

2506	1	1.1+-1.1	-0.05	0.618	0.02	1

2510	14	3.5+-2.4	4.35	0.002	0.33	2

2524	54	4.0+-3.0	16.87	0.000	1.26	3

2526	28	4.4+-3.0	7.83	0.000	0.65	2

3038	103	5.9+-3.4	28.39	0.000	2.41	3

4370	229	570.5+-55.8	-6.12	1.000	5.35	6

4374	13	97.6+-20.2	-4.19	1.000	0.30	1

4382	0	16.5+-6.9	-2.41	1.000	0.00	0

4418	170	212.8+-50.7	-0.84	0.766	3.97	2

4420	154	298.7+-57.2	-2.53	0.998	3.60	3

4422	23	34.7+-12.8	-0.92	0.834	0.54	3

4424	369	335.5+-48.7	0.69	0.226	8.63	5

4426	8	18.0+-7.7	-1.30	0.930	0.19	2

4428	15	322.5+-54.2	-5.67	1.000	0.35	1

4430	0	37.1+-11.6	-3.21	1.000	0.00	0

4434	34	117.3+-28.5	-2.92	1.000	0.79	4

4436	379	188.2+-41.1	4.64	0.000	8.86	5

4438	33	40.8+-13.7	-0.57	0.732	0.77	2

4440	33	110.2+-19.3	-4.00	1.000	0.77	4

4442	1	16.9+-6.6	-2.40	1.000	0.02	1

4444	16	40.2+-11.9	-2.04	0.994	0.37	1

4446	1	21.7+-6.7	-3.08	1.000	0.02	1

4546	3	6.0+-3.7	-0.80	0.814	0.07	2

4548	27	59.4+-15.4	-2.10	0.994	0.63	5

4550	0	2.0+-1.8	-1.10	1.000	0.00	0

4556	1	32.1+-9.7	-3.20	1.000	0.02	1

4558	0	2.2+-1.8	-1.18	1.000	0.00	0

4562	2	7.0+-4.1	-1.21	0.960	0.05	1

4564	21	28.5+-9.6	-0.78	0.792	0.49	4

4566	1	4.7+-2.7	-1.35	0.964	0.02	1

4572	11	5.8+-4.3	1.21	0.114	0.26	1

4574	0	3.4+-2.4	-1.41	1.000	0.00	0

4678	232	16.4+-8.5	25.49	0.000	5.42	3

4682	10	24.8+-6.4	-2.33	0.994	0.23	1

4686	0	3.8+-3.2	-1.21	1.000	0.00	0

4692	30	101.4+-30.1	-2.38	0.998	0.70	2

4694	15	32.0+-13.5	-1.26	0.916	0.35	2

4698	0	30.1+-9.8	-3.08	1.000	0.00	0

4700	1	2.7+-2.1	-0.81	0.860	0.02	1

4702	0	19.8+-6.0	-3.30	1.000	0.00	0

4740	14	20.3+-6.1	-1.03	0.868	0.33	2

4742	18	11.9+-4.8	1.27	0.120	0.42	1

4748	5	35.5+-8.9	-3.43	1.000	0.12	2

4750	0	12.4+-5.1	-2.45	1.000	0.00	0

4758	0	1.0+-1.3	-0.75	1.000	0.00	0

4764	4	2.0+-1.8	1.11	0.192	0.09	2

4766	0	4.0+-2.7	-1.48	1.000	0.00	0

4812	0	2.5+-2.0	-1.27	1.000	0.00	0

4814	4	0.8+-1.1	2.83	0.024	0.09	1

4830	1	3.0+-2.5	-0.80	0.854	0.02	1

4946	57	112.5+-28.2	-1.97	0.982	1.33	3

4950	72	65.1+-18.4	0.38	0.330	1.68	3

4952	0	3.6+-2.6	-1.39	1.000	0.00	0

4954	0	6.5+-3.8	-1.71	1.000	0.00	0

4958	0	22.2+-5.9	-3.76	1.000	0.00	0

4994	42	58.5+-16.4	-1.01	0.856	0.98	1

4998	3	5.1+-3.1	-0.67	0.792	0.07	2

5002	8	9.4+-4.5	-0.31	0.630	0.19	3

5004	0	27.7+-7.9	-3.48	1.000	0.00	0

5006	0	9.4+-4.4	-2.13	1.000	0.00	0

5010	9	11.3+-5.3	-0.43	0.680	0.21	2

5012	2	5.8+-3.0	-1.28	0.962	0.05	2

5014	0	1.8+-1.8	-0.97	1.000	0.00	0

5016	18	10.3+-5.8	1.33	0.112	0.42	3

5018	12	3.7+-2.6	3.23	0.008	0.28	2

5020	0	2.1+-1.9	-1.11	1.000	0.00	0

5022	0	2.4+-1.9	-1.21	1.000	0.00	0

5058	1	5.0+-2.8	-1.42	0.978	0.02	1

5062	0	1.5+-1.6	-0.92	1.000	0.00	0

5064	0	2.7+-2.3	-1.19	1.000	0.00	0

5066	0	0.3+-0.7	-0.47	1.000	0.00	0

5068	0	12.3+-5.1	-2.40	1.000	0.00	0

5070	0	2.0+-1.8	-1.13	1.000	0.00	0

5074	6	12.2+-5.2	-1.19	0.916	0.14	1

5076	7	11.8+-5.0	-0.97	0.850	0.16	1

5078	6	13.3+-5.8	-1.26	0.930	0.14	1

5080	0	2.3+-2.3	-1.01	1.000	0.00	0

5082	0	2.3+-2.1	-1.08	1.000	0.00	0

5084	0	2.0+-2.3	-0.86	1.000	0.00	0

5086	0	15.4+-4.3	-3.55	1.000	0.00	0

6342	1	1.7+-1.5	-0.50	0.776	0.02	1

6348	17	33.0+-10.6	-1.51	0.952	0.40	3

6350	1	2.2+-1.9	-0.61	0.808	0.02	1

6356	2	8.2+-3.9	-1.61	0.986	0.05	1

6358	0	1.8+-1.5	-1.15	1.000	0.00	0

6364	12	5.0+-3.0	2.31	0.022	0.28	2

6366	18	3.9+-2.4	5.79	0.000	0.42	1

6550	0	2.0+-1.9	-1.05	1.000	0.00	0

6552	145	13.7+-7.8	16.84	0.000	3.39	3

6554	53	15.5+-5.6	6.64	0.000	1.24	3

6558	0	3.3+-2.3	-1.42	1.000	0.00	0

6598	2	0.2+-0.5	3.27	0.042	0.05	1

6602	0	0.4+-0.6	-0.55	1.000	0.00	0

6604	10	11.4+-5.6	-0.25	0.588	0.23	2

6606	1	0.7+-0.9	0.30	0.472	0.02	1

6614	0	0.6+-1.1	-0.55	1.000	0.00	0

6616	16	2.5+-2.2	6.05	0.000	0.37	2

6618	2	0.9+-1.1	0.95	0.232	0.05	1

6620	20	2.2+-2.0	9.08	0.000	0.47	2

6622	16	1.0+-1.3	11.81	0.000	0.37	1

6854	4	0.1+-0.3	11.74	0.000	0.09	1

6858	0	0.7+-1.1	-0.65	1.000	0.00	0

6862	1	0.1+-0.2	4.03	0.052	0.02	1

6870	0	0.5+-0.8	-0.63	1.000	0.00	0

6874	0	5.4+-3.0	-1.77	1.000	0.00	0

6876	0	0.1+-0.4	-0.35	1.000	0.00	0

6878	2	0.8+-1.1	1.04	0.222	0.05	1

7126	0	2.3+-1.9	-1.21	1.000	0.00	0

7128	0	0.3+-0.7	-0.41	1.000	0.00	0

7130	0	1.0+-1.4	-0.73	1.000	0.00	0

7134	40	3.6+-2.5	14.49	0.000	0.93	1

13142	36	6.8+-3.8	7.61	0.000	0.84	2

13146	0	0.3+-0.7	-0.50	1.000	0.00	0

13148	0	0.8+-1.1	-0.76	1.000	0.00	0

13150	1	4.5+-2.8	-1.25	0.948	0.02	1

13260	0	3.7+-2.6	-1.42	1.000	0.00	0

13262	0	2.5+-2.0	-1.29	1.000	0.00	0

13278	1	7.8+-3.3	-2.08	0.998	0.02	1

14678	0	0.1+-0.4	-0.34	1.000	0.00	0

14686	0	0.1+-0.3	-0.24	1.000	0.00	0

14790	0	0.0+-0.1	-0.06	1.000	0.00	0

14798	0	0.1+-0.5	-0.30	1.000	0.00	0

14810	3	0.4+-0.8	3.24	0.024	0.07	1

14812	0	0.1+-0.4	-0.30	1.000	0.00	0

14814	1	0.9+-1.1	0.13	0.494	0.02	1

15258	12	0.3+-0.6	20.09	0.000	0.28	2

15262	0	0.2+-0.6	-0.42	1.000	0.00	0

15310	0	0.4+-0.9	-0.49	1.000	0.00	0

15326	0	2.6+-2.0	-1.28	1.000	0.00	0

31710	15	1.3+-1.3	10.50	0.000	0.35	1



 (Application total runtime was:   7.12 minutes).

 (Real network processing runtime was:    1.0 seconds.)

 (Single Random network processing runtime was:    0.8 seconds.)
